    PUBLIC VGA_PALETTE
VGA_PALETTE LABEL BYTE
    DB 0,0,0,0,0,42,0,42
    DB 0,0,42,42,42,0,0,42
    DB 0,42,42,21,0,42,42,42
    DB 21,21,21,21,21,63,21,63
    DB 21,21,63,63,63,21,21,63
    DB 21,63,63,63,21,63,63,63
    DB 0,0,0,0,0,12,0,0
    DB 25,0,0,38,0,0,51,0
    DB 0,63,0,12,0,0,12,12
    DB 0,12,25,0,12,38,0,12
    DB 51,0,12,63,0,25,0,0
    DB 25,12,0,25,25,0,25,38
    DB 0,25,51,0,25,63,0,38
    DB 0,0,38,12,0,38,25,0
    DB 38,38,0,38,51,0,38,63
    DB 0,51,0,0,51,12,0,51
    DB 25,0,51,38,0,51,51,0
    DB 51,63,0,63,0,0,63,12
    DB 0,63,25,0,63,38,0,63
    DB 51,0,63,63,12,0,0,12
    DB 0,12,12,0,25,12,0,38
    DB 12,0,51,12,0,63,12,12
    DB 0,12,12,12,12,12,25,12
    DB 12,38,12,12,51,12,12,63
    DB 12,25,0,12,25,12,12,25
    DB 25,12,25,38,12,25,51,12
    DB 25,63,12,38,0,12,38,12
    DB 12,38,25,12,38,38,12,38
    DB 51,12,38,63,12,51,0,12
    DB 51,12,12,51,25,12,51,38
    DB 12,51,51,12,51,63,12,63
    DB 0,12,63,12,12,63,25,12
    DB 63,38,12,63,51,12,63,63
    DB 25,0,0,25,0,12,25,0
    DB 25,25,0,38,25,0,51,25
    DB 0,63,25,12,0,25,12,12
    DB 25,12,25,25,12,38,25,12
    DB 51,25,12,63,25,25,0,25
    DB 25,12,25,25,25,25,25,38
    DB 25,25,51,25,25,63,25,38
    DB 0,25,38,12,25,38,25,25
    DB 38,38,25,38,51,25,38,63
    DB 25,51,0,25,51,12,25,51
    DB 25,25,51,38,25,51,51,25
    DB 51,63,25,63,0,25,63,12
    DB 25,63,25,25,63,38,25,63
    DB 51,25,63,63,38,0,0,38
    DB 0,12,38,0,25,38,0,38
    DB 38,0,51,38,0,63,38,12
    DB 0,38,12,12,38,12,25,38
    DB 12,38,38,12,51,38,12,63
    DB 38,25,0,38,25,12,38,25
    DB 25,38,25,38,38,25,51,38
    DB 25,63,38,38,0,38,38,12
    DB 38,38,25,38,38,38,38,38
    DB 51,38,38,63,38,51,0,38
    DB 51,12,38,51,25,38,51,38
    DB 38,51,51,38,51,63,38,63
    DB 0,38,63,12,38,63,25,38
    DB 63,38,38,63,51,38,63,63
    DB 51,0,0,51,0,12,51,0
    DB 25,51,0,38,51,0,51,51
    DB 0,63,51,12,0,51,12,12
    DB 51,12,25,51,12,38,51,12
    DB 51,51,12,63,51,25,0,51
    DB 25,12,51,25,25,51,25,38
    DB 51,25,51,51,25,63,51,38
    DB 0,51,38,12,51,38,25,51
    DB 38,38,51,38,51,51,38,63
    DB 51,51,0,51,51,12,51,51
    DB 25,51,51,38,51,51,51,51
    DB 51,63,51,63,0,51,63,12
    DB 51,63,25,51,63,38,51,63
    DB 51,51,63,63,63,0,0,63
    DB 0,12,63,0,25,63,0,38
    DB 63,0,51,63,0,63,63,12
    DB 0,63,12,12,63,12,25,63
    DB 12,38,63,12,51,63,12,63
    DB 63,25,0,63,25,12,63,25
    DB 25,63,25,38,63,25,51,63
    DB 25,63,63,38,0,63,38,12
    DB 63,38,25,63,38,38,63,38
    DB 51,63,38,63,63,51,0,63
    DB 51,12,63,51,25,63,51,38
    DB 63,51,51,63,51,63,63,63
    DB 0,63,63,12,63,63,25,63
    DB 63,38,63,63,51,63,63,63
    DB 2,2,2,5,5,5,7,7
    DB 7,10,10,10,12,12,12,15
    DB 15,15,17,17,17,20,20,20
    DB 23,23,23,25,25,25,28,28
    DB 28,30,30,30,33,33,33,35
    DB 35,35,38,38,38,40,40,40
    DB 43,43,43,46,46,46,48,48
    DB 48,51,51,51,53,53,53,56
    DB 56,56,58,58,58,61,61,61
